 dt,beta=     1.000000000000000        1.0000000000000000E-004
 amp =    1.0000000000000000E-003
 peritr,ifluid=             0            1
 tor,nonlin(1:2),nonline=     1.000000000000000                 1            0 
            1
 isuni=             0 amie=     1800.000000000000     
 kxcut,kycut,bcut,wecut=     1.500000000000000        0.2438529155614324      
    3000.000000000000         2.000000000000000     
 fradi,isg=     1.000000000000000         1.000000000000000     
 llk,mlk,onemd =            0            1            0
 vcut=     15.00000000000000     
 rneu=     0.000000000000000     
 V-ExB switch=     0.000000000000000     
 V-parallel switch=     0.000000000000000     
 tot mmi,tot mme=       4194304      8388608
 pzcrite,encrit =     18.45460036368278        0.2000000000000000     
 lxa,lymult,delra,r0a,rina,routa=   0.6000000000000000      
    5.000000000000000        5.0000000000000003E-002   0.5000000000000000      
   0.2000000000000000        0.8000000000000000     
 a,r0,rmaj0,q0,lx,ly,lz=    254.4156581321278         127.2078290660639      
    706.7101614781327         1.410000000000000         152.6493948792767      
    113.3716826306532         6260.951173277823     
 t0,kyrhoi_local=    1.000000000000000        7.8377295547999742E-002
 isonew,nzcrt,nzsrc=            0            4            0
        0.0   0.229E-03   0.144E-08   0.000E+00   0.000E+00   0.000E+00   0.000E+00   0.000E+00   0.000E+00   0.000E+00   0.116E-01   0.000E+00   0.116E-01
        1.0   0.229E-03   0.183E-08   0.119E-09   0.204E-09   0.119E-09   0.170E-09   0.953E-04   0.000E+00   0.114E-05   0.115E-01   0.000E+00   0.115E-01
        2.0   0.229E-03   0.409E-08   0.358E-09   0.612E-09   0.357E-09   0.542E-09   0.953E-04   0.000E+00   0.229E-05   0.113E-01   0.000E+00   0.113E-01
        3.0   0.229E-03   0.868E-08   0.595E-09   0.102E-08   0.593E-09   0.914E-09   0.953E-04   0.000E+00   0.342E-05   0.110E-01   0.000E+00   0.110E-01
        4.0   0.229E-03   0.153E-07   0.830E-09   0.142E-08   0.828E-09   0.128E-08   0.953E-04   0.000E+00   0.455E-05   0.108E-01   0.000E+00   0.108E-01
        5.0   0.229E-03   0.239E-07   0.106E-08   0.182E-08   0.106E-08   0.164E-08   0.953E-04   0.000E+00   0.567E-05   0.105E-01   0.000E+00   0.105E-01
        6.0   0.230E-03   0.343E-07   0.129E-08   0.221E-08   0.129E-08   0.200E-08   0.953E-04   0.000E+00   0.677E-05   0.103E-01   0.000E+00   0.103E-01
        7.0   0.230E-03   0.464E-07   0.152E-08   0.259E-08   0.151E-08   0.235E-08   0.953E-04   0.000E+00   0.786E-05   0.100E-01   0.000E+00   0.100E-01
        8.0   0.230E-03   0.601E-07   0.173E-08   0.297E-08   0.173E-08   0.270E-08   0.954E-04   0.000E+00   0.893E-05   0.973E-02   0.000E+00   0.973E-02
        9.0   0.230E-03   0.753E-07   0.195E-08   0.333E-08   0.194E-08   0.303E-08   0.954E-04   0.000E+00   0.998E-05   0.943E-02   0.000E+00   0.943E-02
       10.0   0.230E-03   0.917E-07   0.215E-08   0.368E-08   0.215E-08   0.335E-08   0.954E-04   0.000E+00   0.110E-04   0.912E-02   0.000E+00   0.912E-02
       11.0   0.231E-03   0.109E-06   0.235E-08   0.402E-08   0.235E-08   0.367E-08   0.954E-04   0.000E+00   0.120E-04   0.882E-02   0.000E+00   0.882E-02
       12.0   0.231E-03   0.128E-06   0.254E-08   0.434E-08   0.254E-08   0.397E-08   0.954E-04   0.000E+00   0.130E-04   0.852E-02   0.000E+00   0.852E-02
       13.0   0.231E-03   0.147E-06   0.273E-08   0.465E-08   0.272E-08   0.426E-08   0.954E-04   0.000E+00   0.140E-04   0.824E-02   0.000E+00   0.824E-02
       14.0   0.232E-03   0.168E-06   0.290E-08   0.494E-08   0.289E-08   0.454E-08   0.954E-04   0.000E+00   0.149E-04   0.796E-02   0.000E+00   0.796E-02
       15.0   0.232E-03   0.189E-06   0.306E-08   0.522E-08   0.305E-08   0.480E-08   0.954E-04   0.000E+00   0.158E-04   0.769E-02   0.000E+00   0.769E-02
       16.0   0.232E-03   0.210E-06   0.322E-08   0.548E-08   0.321E-08   0.506E-08   0.955E-04   0.000E+00   0.167E-04   0.743E-02   0.000E+00   0.743E-02
       17.0   0.232E-03   0.231E-06   0.336E-08   0.572E-08   0.335E-08   0.529E-08   0.955E-04   0.000E+00   0.175E-04   0.719E-02   0.000E+00   0.719E-02
       18.0   0.233E-03   0.253E-06   0.350E-08   0.595E-08   0.349E-08   0.552E-08   0.955E-04   0.000E+00   0.183E-04   0.697E-02   0.000E+00   0.697E-02
       19.0   0.233E-03   0.275E-06   0.363E-08   0.617E-08   0.362E-08   0.573E-08   0.955E-04   0.000E+00   0.191E-04   0.679E-02   0.000E+00   0.679E-02
       20.0   0.233E-03   0.297E-06   0.374E-08   0.636E-08   0.373E-08   0.592E-08   0.955E-04   0.000E+00   0.199E-04   0.663E-02   0.000E+00   0.663E-02
       21.0   0.234E-03   0.319E-06   0.385E-08   0.655E-08   0.384E-08   0.610E-08   0.955E-04   0.000E+00   0.206E-04   0.649E-02   0.000E+00   0.649E-02
       22.0   0.234E-03   0.340E-06   0.395E-08   0.671E-08   0.394E-08   0.627E-08   0.955E-04   0.000E+00   0.214E-04   0.637E-02   0.000E+00   0.637E-02
       23.0   0.234E-03   0.362E-06   0.404E-08   0.686E-08   0.402E-08   0.642E-08   0.956E-04   0.000E+00   0.221E-04   0.627E-02   0.000E+00   0.627E-02
       24.0   0.234E-03   0.383E-06   0.411E-08   0.700E-08   0.410E-08   0.656E-08   0.956E-04   0.000E+00   0.227E-04   0.626E-02   0.000E+00   0.626E-02
       25.0   0.234E-03   0.404E-06   0.418E-08   0.712E-08   0.417E-08   0.669E-08   0.956E-04   0.000E+00   0.233E-04   0.625E-02   0.000E+00   0.625E-02
       26.0   0.235E-03   0.424E-06   0.424E-08   0.723E-08   0.423E-08   0.680E-08   0.956E-04   0.000E+00   0.239E-04   0.626E-02   0.000E+00   0.626E-02
       27.0   0.235E-03   0.443E-06   0.429E-08   0.732E-08   0.428E-08   0.690E-08   0.956E-04   0.000E+00   0.245E-04   0.631E-02   0.000E+00   0.631E-02
       28.0   0.235E-03   0.462E-06   0.434E-08   0.740E-08   0.433E-08   0.699E-08   0.957E-04   0.000E+00   0.251E-04   0.642E-02   0.000E+00   0.642E-02
       29.0   0.235E-03   0.481E-06   0.437E-08   0.747E-08   0.436E-08   0.707E-08   0.957E-04   0.000E+00   0.256E-04   0.656E-02   0.000E+00   0.656E-02
       30.0   0.235E-03   0.499E-06   0.440E-08   0.752E-08   0.439E-08   0.713E-08   0.957E-04   0.000E+00   0.261E-04   0.674E-02   0.000E+00   0.674E-02
       31.0   0.235E-03   0.516E-06   0.442E-08   0.757E-08   0.441E-08   0.719E-08   0.957E-04   0.000E+00   0.265E-04   0.696E-02   0.000E+00   0.696E-02
       32.0   0.235E-03   0.532E-06   0.443E-08   0.760E-08   0.442E-08   0.723E-08   0.957E-04   0.000E+00   0.269E-04   0.723E-02   0.000E+00   0.723E-02
       33.0   0.235E-03   0.547E-06   0.444E-08   0.762E-08   0.443E-08   0.727E-08   0.958E-04   0.000E+00   0.274E-04   0.751E-02   0.000E+00   0.751E-02
       34.0   0.235E-03   0.562E-06   0.444E-08   0.763E-08   0.442E-08   0.729E-08   0.958E-04   0.000E+00   0.277E-04   0.783E-02   0.000E+00   0.783E-02
       35.0   0.235E-03   0.576E-06   0.443E-08   0.763E-08   0.442E-08   0.731E-08   0.958E-04   0.000E+00   0.281E-04   0.818E-02   0.000E+00   0.818E-02
       36.0   0.235E-03   0.590E-06   0.442E-08   0.762E-08   0.440E-08   0.731E-08   0.958E-04   0.000E+00   0.284E-04   0.852E-02   0.000E+00   0.852E-02
       37.0   0.235E-03   0.602E-06   0.440E-08   0.761E-08   0.439E-08   0.731E-08   0.958E-04   0.000E+00   0.287E-04   0.891E-02   0.000E+00   0.891E-02
       38.0   0.235E-03   0.614E-06   0.438E-08   0.759E-08   0.436E-08   0.731E-08   0.959E-04   0.000E+00   0.290E-04   0.929E-02   0.000E+00   0.929E-02
       39.0   0.235E-03   0.625E-06   0.435E-08   0.756E-08   0.434E-08   0.729E-08   0.959E-04   0.000E+00   0.292E-04   0.966E-02   0.000E+00   0.966E-02
       40.0   0.235E-03   0.635E-06   0.432E-08   0.753E-08   0.431E-08   0.727E-08   0.959E-04   0.000E+00   0.295E-04   0.101E-01   0.000E+00   0.101E-01
       41.0   0.235E-03   0.644E-06   0.429E-08   0.749E-08   0.427E-08   0.725E-08   0.959E-04   0.000E+00   0.297E-04   0.105E-01   0.000E+00   0.105E-01
       42.0   0.235E-03   0.653E-06   0.425E-08   0.745E-08   0.424E-08   0.722E-08   0.960E-04   0.000E+00   0.299E-04   0.109E-01   0.000E+00   0.109E-01
       43.0   0.235E-03   0.662E-06   0.421E-08   0.740E-08   0.420E-08   0.719E-08   0.960E-04   0.000E+00   0.301E-04   0.113E-01   0.000E+00   0.113E-01
       44.0   0.235E-03   0.669E-06   0.417E-08   0.735E-08   0.415E-08   0.715E-08   0.960E-04   0.000E+00   0.302E-04   0.117E-01   0.000E+00   0.117E-01
       45.0   0.235E-03   0.676E-06   0.412E-08   0.730E-08   0.411E-08   0.711E-08   0.960E-04   0.000E+00   0.303E-04   0.121E-01   0.000E+00   0.121E-01
       46.0   0.235E-03   0.683E-06   0.408E-08   0.724E-08   0.406E-08   0.707E-08   0.961E-04   0.000E+00   0.305E-04   0.125E-01   0.000E+00   0.125E-01
       47.0   0.235E-03   0.688E-06   0.403E-08   0.718E-08   0.401E-08   0.702E-08   0.961E-04   0.000E+00   0.306E-04   0.129E-01   0.000E+00   0.129E-01
       48.0   0.234E-03   0.693E-06   0.398E-08   0.712E-08   0.396E-08   0.697E-08   0.961E-04   0.000E+00   0.307E-04   0.133E-01   0.000E+00   0.133E-01
       49.0   0.234E-03   0.698E-06   0.392E-08   0.705E-08   0.391E-08   0.692E-08   0.961E-04   0.000E+00   0.307E-04   0.137E-01   0.000E+00   0.137E-01
       50.0   0.234E-03   0.702E-06   0.387E-08   0.699E-08   0.386E-08   0.687E-08   0.962E-04   0.000E+00   0.308E-04   0.141E-01   0.000E+00   0.141E-01
       51.0   0.234E-03   0.705E-06   0.382E-08   0.692E-08   0.380E-08   0.682E-08   0.962E-04   0.000E+00   0.309E-04   0.144E-01   0.000E+00   0.144E-01
       52.0   0.234E-03   0.708E-06   0.376E-08   0.686E-08   0.375E-08   0.677E-08   0.962E-04   0.000E+00   0.309E-04   0.148E-01   0.000E+00   0.148E-01
       53.0   0.234E-03   0.710E-06   0.371E-08   0.679E-08   0.370E-08   0.671E-08   0.962E-04   0.000E+00   0.309E-04   0.151E-01   0.000E+00   0.151E-01
       54.0   0.234E-03   0.712E-06   0.365E-08   0.672E-08   0.364E-08   0.666E-08   0.963E-04   0.000E+00   0.310E-04   0.155E-01   0.000E+00   0.155E-01
       55.0   0.234E-03   0.714E-06   0.360E-08   0.666E-08   0.359E-08   0.660E-08   0.963E-04   0.000E+00   0.310E-04   0.158E-01   0.000E+00   0.158E-01
       56.0   0.233E-03   0.715E-06   0.354E-08   0.659E-08   0.353E-08   0.654E-08   0.963E-04   0.000E+00   0.310E-04   0.161E-01   0.000E+00   0.161E-01
       57.0   0.233E-03   0.715E-06   0.348E-08   0.652E-08   0.347E-08   0.649E-08   0.964E-04   0.000E+00   0.310E-04   0.164E-01   0.000E+00   0.164E-01
       58.0   0.233E-03   0.715E-06   0.343E-08   0.645E-08   0.342E-08   0.643E-08   0.964E-04   0.000E+00   0.310E-04   0.167E-01   0.000E+00   0.167E-01
       59.0   0.233E-03   0.715E-06   0.337E-08   0.639E-08   0.337E-08   0.638E-08   0.964E-04   0.000E+00   0.310E-04   0.170E-01   0.000E+00   0.170E-01
       60.0   0.233E-03   0.715E-06   0.332E-08   0.632E-08   0.331E-08   0.633E-08   0.965E-04   0.000E+00   0.310E-04   0.172E-01   0.000E+00   0.172E-01
       61.0   0.233E-03   0.714E-06   0.327E-08   0.626E-08   0.326E-08   0.627E-08   0.965E-04   0.000E+00   0.310E-04   0.174E-01   0.000E+00   0.174E-01
       62.0   0.233E-03   0.713E-06   0.322E-08   0.620E-08   0.321E-08   0.622E-08   0.965E-04   0.000E+00   0.310E-04   0.176E-01   0.000E+00   0.176E-01
       63.0   0.233E-03   0.711E-06   0.317E-08   0.614E-08   0.316E-08   0.617E-08   0.965E-04   0.000E+00   0.310E-04   0.178E-01   0.000E+00   0.178E-01
       64.0   0.232E-03   0.709E-06   0.312E-08   0.609E-08   0.311E-08   0.613E-08   0.966E-04   0.000E+00   0.310E-04   0.180E-01   0.000E+00   0.180E-01
       65.0   0.232E-03   0.707E-06   0.307E-08   0.603E-08   0.306E-08   0.608E-08   0.966E-04   0.000E+00   0.310E-04   0.182E-01   0.000E+00   0.182E-01
       66.0   0.232E-03   0.705E-06   0.302E-08   0.599E-08   0.302E-08   0.604E-08   0.966E-04   0.000E+00   0.310E-04   0.184E-01   0.000E+00   0.184E-01
       67.0   0.232E-03   0.703E-06   0.298E-08   0.594E-08   0.297E-08   0.600E-08   0.967E-04   0.000E+00   0.310E-04   0.185E-01   0.000E+00   0.185E-01
       68.0   0.232E-03   0.700E-06   0.294E-08   0.589E-08   0.293E-08   0.596E-08   0.967E-04   0.000E+00   0.310E-04   0.186E-01   0.000E+00   0.186E-01
       69.0   0.232E-03   0.698E-06   0.289E-08   0.585E-08   0.289E-08   0.593E-08   0.967E-04   0.000E+00   0.310E-04   0.187E-01   0.000E+00   0.187E-01
       70.0   0.232E-03   0.695E-06   0.285E-08   0.581E-08   0.285E-08   0.589E-08   0.968E-04   0.000E+00   0.310E-04   0.188E-01   0.000E+00   0.188E-01
       71.0   0.232E-03   0.692E-06   0.281E-08   0.577E-08   0.281E-08   0.586E-08   0.968E-04   0.000E+00   0.310E-04   0.188E-01   0.000E+00   0.188E-01
       72.0   0.232E-03   0.689E-06   0.278E-08   0.573E-08   0.277E-08   0.583E-08   0.968E-04   0.000E+00   0.310E-04   0.188E-01   0.000E+00   0.188E-01
       73.0   0.231E-03   0.685E-06   0.274E-08   0.570E-08   0.274E-08   0.580E-08   0.969E-04   0.000E+00   0.310E-04   0.188E-01   0.000E+00   0.188E-01
       74.0   0.231E-03   0.682E-06   0.270E-08   0.567E-08   0.270E-08   0.578E-08   0.969E-04   0.000E+00   0.310E-04   0.187E-01   0.000E+00   0.187E-01
       75.0   0.231E-03   0.679E-06   0.267E-08   0.564E-08   0.267E-08   0.575E-08   0.969E-04   0.000E+00   0.310E-04   0.187E-01   0.000E+00   0.187E-01
       76.0   0.231E-03   0.675E-06   0.264E-08   0.561E-08   0.264E-08   0.573E-08   0.970E-04   0.000E+00   0.310E-04   0.186E-01   0.000E+00   0.186E-01
       77.0   0.231E-03   0.671E-06   0.261E-08   0.558E-08   0.261E-08   0.571E-08   0.970E-04   0.000E+00   0.310E-04   0.185E-01   0.000E+00   0.185E-01
       78.0   0.231E-03   0.668E-06   0.258E-08   0.556E-08   0.258E-08   0.569E-08   0.970E-04   0.000E+00   0.310E-04   0.184E-01   0.000E+00   0.184E-01
       79.0   0.231E-03   0.664E-06   0.256E-08   0.554E-08   0.255E-08   0.568E-08   0.970E-04   0.000E+00   0.310E-04   0.183E-01   0.000E+00   0.183E-01
       80.0   0.231E-03   0.661E-06   0.253E-08   0.553E-08   0.253E-08   0.567E-08   0.971E-04   0.000E+00   0.310E-04   0.182E-01   0.000E+00   0.182E-01
       81.0   0.231E-03   0.657E-06   0.251E-08   0.552E-08   0.250E-08   0.566E-08   0.971E-04   0.000E+00   0.310E-04   0.181E-01   0.000E+00   0.181E-01
       82.0   0.231E-03   0.654E-06   0.249E-08   0.551E-08   0.248E-08   0.566E-08   0.971E-04   0.000E+00   0.310E-04   0.180E-01   0.000E+00   0.180E-01
       83.0   0.231E-03   0.650E-06   0.247E-08   0.551E-08   0.246E-08   0.565E-08   0.972E-04   0.000E+00   0.310E-04   0.178E-01   0.000E+00   0.178E-01
       84.0   0.231E-03   0.646E-06   0.245E-08   0.550E-08   0.245E-08   0.566E-08   0.972E-04   0.000E+00   0.310E-04   0.177E-01   0.000E+00   0.177E-01
       85.0   0.231E-03   0.643E-06   0.244E-08   0.551E-08   0.243E-08   0.566E-08   0.973E-04   0.000E+00   0.310E-04   0.175E-01   0.000E+00   0.175E-01
       86.0   0.231E-03   0.639E-06   0.243E-08   0.551E-08   0.242E-08   0.567E-08   0.973E-04   0.000E+00   0.310E-04   0.173E-01   0.000E+00   0.173E-01
       87.0   0.230E-03   0.636E-06   0.241E-08   0.552E-08   0.241E-08   0.567E-08   0.973E-04   0.000E+00   0.310E-04   0.171E-01   0.000E+00   0.171E-01
       88.0   0.230E-03   0.632E-06   0.240E-08   0.553E-08   0.240E-08   0.568E-08   0.974E-04   0.000E+00   0.310E-04   0.169E-01   0.000E+00   0.169E-01
       89.0   0.230E-03   0.629E-06   0.240E-08   0.554E-08   0.239E-08   0.569E-08   0.974E-04   0.000E+00   0.310E-04   0.166E-01   0.000E+00   0.166E-01
       90.0   0.230E-03   0.626E-06   0.239E-08   0.556E-08   0.238E-08   0.571E-08   0.974E-04   0.000E+00   0.310E-04   0.164E-01   0.000E+00   0.164E-01
       91.0   0.230E-03   0.622E-06   0.239E-08   0.558E-08   0.238E-08   0.572E-08   0.975E-04   0.000E+00   0.311E-04   0.161E-01   0.000E+00   0.161E-01
       92.0   0.230E-03   0.619E-06   0.238E-08   0.560E-08   0.238E-08   0.575E-08   0.975E-04   0.000E+00   0.311E-04   0.158E-01   0.000E+00   0.158E-01
       93.0   0.230E-03   0.616E-06   0.238E-08   0.562E-08   0.238E-08   0.577E-08   0.975E-04   0.000E+00   0.311E-04   0.155E-01   0.000E+00   0.155E-01
       94.0   0.230E-03   0.613E-06   0.238E-08   0.565E-08   0.238E-08   0.579E-08   0.976E-04   0.000E+00   0.311E-04   0.151E-01   0.000E+00   0.151E-01
       95.0   0.230E-03   0.610E-06   0.238E-08   0.568E-08   0.238E-08   0.582E-08   0.976E-04   0.000E+00   0.311E-04   0.148E-01   0.000E+00   0.148E-01
       96.0   0.230E-03   0.607E-06   0.239E-08   0.571E-08   0.238E-08   0.585E-08   0.976E-04   0.000E+00   0.312E-04   0.144E-01   0.000E+00   0.144E-01
       97.0   0.230E-03   0.604E-06   0.239E-08   0.574E-08   0.238E-08   0.588E-08   0.977E-04   0.000E+00   0.312E-04   0.140E-01   0.000E+00   0.140E-01
       98.0   0.230E-03   0.602E-06   0.240E-08   0.578E-08   0.239E-08   0.591E-08   0.977E-04   0.000E+00   0.312E-04   0.135E-01   0.000E+00   0.135E-01
       99.0   0.230E-03   0.599E-06   0.240E-08   0.582E-08   0.240E-08   0.594E-08   0.977E-04   0.000E+00   0.313E-04   0.130E-01   0.000E+00   0.130E-01
 dt,beta=     1.000000000000000        1.0000000000000000E-004
 amp =    1.0000000000000000E-003
 peritr,ifluid=             0            1
 tor,nonlin(1:2),nonline=     1.000000000000000                 1            0 
            1
 isuni=             0 amie=     1800.000000000000     
 kxcut,kycut,bcut,wecut=     1.500000000000000        0.2438529155614324      
    3000.000000000000         2.000000000000000     
 fradi,isg=     1.000000000000000         1.000000000000000     
 llk,mlk,onemd =            0            1            0
 vcut=     15.00000000000000     
 rneu=     0.000000000000000     
 V-ExB switch=     0.000000000000000     
 V-parallel switch=     0.000000000000000     
 tot mmi,tot mme=       2097152      4194304
 pzcrite,encrit =     18.45460036368278        0.2000000000000000     
 lxa,lymult,delra,r0a,rina,routa=   0.6000000000000000      
    5.000000000000000        5.0000000000000003E-002   0.5000000000000000      
   0.2000000000000000        0.8000000000000000     
 a,r0,rmaj0,q0,lx,ly,lz=    254.4156581321278         127.2078290660639      
    706.7101614781327         1.410000000000000         152.6493948792767      
    113.3716826306532         6260.951173277823     
 t0,kyrhoi_local=    1.000000000000000        7.8377295547999742E-002
 isonew,nzcrt,nzsrc=            0            4            0
        0.0   0.180E-03   0.167E-08   0.000E+00   0.000E+00   0.000E+00   0.000E+00   0.000E+00   0.000E+00   0.000E+00   0.114E-01   0.000E+00   0.114E-01
        1.0   0.180E-03   0.177E-08   0.683E-10   0.118E-09   0.670E-10   0.729E-10   0.953E-04   0.000E+00   0.106E-05   0.114E-01   0.000E+00   0.114E-01
        2.0   0.180E-03   0.216E-08   0.205E-09   0.354E-09   0.200E-09   0.283E-09   0.953E-04   0.000E+00   0.211E-05   0.114E-01   0.000E+00   0.114E-01
        3.0   0.180E-03   0.308E-08   0.341E-09   0.589E-09   0.334E-09   0.491E-09   0.954E-04   0.000E+00   0.317E-05   0.113E-01   0.000E+00   0.113E-01
        4.0   0.180E-03   0.464E-08   0.478E-09   0.824E-09   0.467E-09   0.699E-09   0.954E-04   0.000E+00   0.422E-05   0.113E-01   0.000E+00   0.113E-01
        5.0   0.181E-03   0.680E-08   0.613E-09   0.106E-08   0.599E-09   0.906E-09   0.954E-04   0.000E+00   0.526E-05   0.113E-01   0.000E+00   0.113E-01
        6.0   0.181E-03   0.952E-08   0.748E-09   0.129E-08   0.731E-09   0.111E-08   0.954E-04   0.000E+00   0.630E-05   0.114E-01   0.000E+00   0.114E-01
        7.0   0.181E-03   0.128E-07   0.882E-09   0.152E-08   0.862E-09   0.132E-08   0.954E-04   0.000E+00   0.734E-05   0.114E-01   0.000E+00   0.114E-01
        8.0   0.181E-03   0.166E-07   0.101E-08   0.175E-08   0.991E-09   0.152E-08   0.955E-04   0.000E+00   0.836E-05   0.114E-01   0.000E+00   0.114E-01
        9.0   0.181E-03   0.208E-07   0.115E-08   0.198E-08   0.112E-08   0.172E-08   0.955E-04   0.000E+00   0.938E-05   0.114E-01   0.000E+00   0.114E-01
       10.0   0.181E-03   0.256E-07   0.128E-08   0.220E-08   0.125E-08   0.192E-08   0.955E-04   0.000E+00   0.104E-04   0.114E-01   0.000E+00   0.114E-01
       11.0   0.182E-03   0.308E-07   0.140E-08   0.242E-08   0.137E-08   0.211E-08   0.956E-04   0.000E+00   0.114E-04   0.114E-01   0.000E+00   0.114E-01
       12.0   0.182E-03   0.364E-07   0.153E-08   0.264E-08   0.149E-08   0.231E-08   0.956E-04   0.000E+00   0.124E-04   0.114E-01   0.000E+00   0.114E-01
       13.0   0.182E-03   0.425E-07   0.165E-08   0.285E-08   0.162E-08   0.250E-08   0.956E-04   0.000E+00   0.133E-04   0.114E-01   0.000E+00   0.114E-01
       14.0   0.182E-03   0.489E-07   0.178E-08   0.306E-08   0.174E-08   0.269E-08   0.956E-04   0.000E+00   0.143E-04   0.114E-01   0.000E+00   0.114E-01
       15.0   0.182E-03   0.556E-07   0.190E-08   0.327E-08   0.185E-08   0.287E-08   0.957E-04   0.000E+00   0.152E-04   0.114E-01   0.000E+00   0.114E-01
       16.0   0.183E-03   0.627E-07   0.201E-08   0.347E-08   0.197E-08   0.305E-08   0.957E-04   0.000E+00   0.162E-04   0.115E-01   0.000E+00   0.115E-01
       17.0   0.183E-03   0.701E-07   0.213E-08   0.367E-08   0.208E-08   0.323E-08   0.957E-04   0.000E+00   0.171E-04   0.115E-01   0.000E+00   0.115E-01
       18.0   0.183E-03   0.778E-07   0.224E-08   0.386E-08   0.219E-08   0.340E-08   0.958E-04   0.000E+00   0.180E-04   0.115E-01   0.000E+00   0.115E-01
       19.0   0.183E-03   0.857E-07   0.235E-08   0.405E-08   0.230E-08   0.357E-08   0.958E-04   0.000E+00   0.189E-04   0.116E-01   0.000E+00   0.116E-01
       20.0   0.184E-03   0.939E-07   0.246E-08   0.423E-08   0.240E-08   0.374E-08   0.958E-04   0.000E+00   0.197E-04   0.116E-01   0.000E+00   0.116E-01
       21.0   0.184E-03   0.102E-06   0.256E-08   0.441E-08   0.250E-08   0.390E-08   0.959E-04   0.000E+00   0.206E-04   0.117E-01   0.000E+00   0.117E-01
       22.0   0.184E-03   0.111E-06   0.266E-08   0.459E-08   0.260E-08   0.406E-08   0.959E-04   0.000E+00   0.214E-04   0.118E-01   0.000E+00   0.118E-01
       23.0   0.185E-03   0.120E-06   0.276E-08   0.475E-08   0.269E-08   0.421E-08   0.959E-04   0.000E+00   0.222E-04   0.119E-01   0.000E+00   0.119E-01
       24.0   0.185E-03   0.128E-06   0.285E-08   0.492E-08   0.279E-08   0.436E-08   0.960E-04   0.000E+00   0.230E-04   0.120E-01   0.000E+00   0.120E-01
       25.0   0.185E-03   0.137E-06   0.294E-08   0.507E-08   0.287E-08   0.451E-08   0.960E-04   0.000E+00   0.237E-04   0.121E-01   0.000E+00   0.121E-01
       26.0   0.186E-03   0.147E-06   0.303E-08   0.522E-08   0.296E-08   0.465E-08   0.960E-04   0.000E+00   0.245E-04   0.122E-01   0.000E+00   0.122E-01
       27.0   0.186E-03   0.156E-06   0.311E-08   0.537E-08   0.304E-08   0.478E-08   0.961E-04   0.000E+00   0.252E-04   0.123E-01   0.000E+00   0.123E-01
       28.0   0.186E-03   0.165E-06   0.320E-08   0.551E-08   0.312E-08   0.491E-08   0.961E-04   0.000E+00   0.259E-04   0.125E-01   0.000E+00   0.125E-01
       29.0   0.186E-03   0.174E-06   0.327E-08   0.565E-08   0.320E-08   0.504E-08   0.961E-04   0.000E+00   0.266E-04   0.126E-01   0.000E+00   0.126E-01
       30.0   0.187E-03   0.183E-06   0.335E-08   0.577E-08   0.327E-08   0.516E-08   0.962E-04   0.000E+00   0.273E-04   0.128E-01   0.000E+00   0.128E-01
       31.0   0.187E-03   0.192E-06   0.342E-08   0.590E-08   0.334E-08   0.527E-08   0.962E-04   0.000E+00   0.279E-04   0.130E-01   0.000E+00   0.130E-01
       32.0   0.187E-03   0.201E-06   0.349E-08   0.602E-08   0.340E-08   0.538E-08   0.962E-04   0.000E+00   0.285E-04   0.131E-01   0.000E+00   0.131E-01
       33.0   0.187E-03   0.210E-06   0.355E-08   0.613E-08   0.347E-08   0.549E-08   0.963E-04   0.000E+00   0.291E-04   0.133E-01   0.000E+00   0.133E-01
       34.0   0.188E-03   0.219E-06   0.361E-08   0.624E-08   0.353E-08   0.559E-08   0.963E-04   0.000E+00   0.297E-04   0.135E-01   0.000E+00   0.135E-01
       35.0   0.188E-03   0.228E-06   0.367E-08   0.634E-08   0.358E-08   0.569E-08   0.963E-04   0.000E+00   0.303E-04   0.136E-01   0.000E+00   0.136E-01
       36.0   0.188E-03   0.237E-06   0.372E-08   0.643E-08   0.364E-08   0.578E-08   0.964E-04   0.000E+00   0.308E-04   0.138E-01   0.000E+00   0.138E-01
       37.0   0.188E-03   0.246E-06   0.378E-08   0.652E-08   0.369E-08   0.587E-08   0.964E-04   0.000E+00   0.313E-04   0.140E-01   0.000E+00   0.140E-01
       38.0   0.189E-03   0.254E-06   0.382E-08   0.661E-08   0.373E-08   0.595E-08   0.965E-04   0.000E+00   0.318E-04   0.142E-01   0.000E+00   0.142E-01
       39.0   0.189E-03   0.263E-06   0.387E-08   0.669E-08   0.377E-08   0.603E-08   0.965E-04   0.000E+00   0.323E-04   0.145E-01   0.000E+00   0.145E-01
       40.0   0.189E-03   0.271E-06   0.391E-08   0.676E-08   0.381E-08   0.610E-08   0.965E-04   0.000E+00   0.327E-04   0.147E-01   0.000E+00   0.147E-01
       41.0   0.189E-03   0.279E-06   0.395E-08   0.683E-08   0.385E-08   0.617E-08   0.966E-04   0.000E+00   0.332E-04   0.149E-01   0.000E+00   0.149E-01
       42.0   0.189E-03   0.287E-06   0.398E-08   0.690E-08   0.389E-08   0.624E-08   0.966E-04   0.000E+00   0.336E-04   0.151E-01   0.000E+00   0.151E-01
       43.0   0.189E-03   0.295E-06   0.402E-08   0.696E-08   0.392E-08   0.630E-08   0.967E-04   0.000E+00   0.340E-04   0.153E-01   0.000E+00   0.153E-01
       44.0   0.190E-03   0.303E-06   0.404E-08   0.701E-08   0.395E-08   0.636E-08   0.967E-04   0.000E+00   0.343E-04   0.155E-01   0.000E+00   0.155E-01
       45.0   0.190E-03   0.310E-06   0.407E-08   0.707E-08   0.397E-08   0.641E-08   0.967E-04   0.000E+00   0.347E-04   0.157E-01   0.000E+00   0.157E-01
       46.0   0.190E-03   0.318E-06   0.409E-08   0.711E-08   0.399E-08   0.646E-08   0.968E-04   0.000E+00   0.350E-04   0.159E-01   0.000E+00   0.159E-01
       47.0   0.190E-03   0.325E-06   0.411E-08   0.715E-08   0.401E-08   0.650E-08   0.968E-04   0.000E+00   0.353E-04   0.161E-01   0.000E+00   0.161E-01
       48.0   0.190E-03   0.332E-06   0.413E-08   0.719E-08   0.403E-08   0.654E-08   0.969E-04   0.000E+00   0.356E-04   0.163E-01   0.000E+00   0.163E-01
       49.0   0.190E-03   0.339E-06   0.415E-08   0.722E-08   0.405E-08   0.658E-08   0.969E-04   0.000E+00   0.359E-04   0.165E-01   0.000E+00   0.165E-01
       50.0   0.190E-03   0.345E-06   0.416E-08   0.725E-08   0.406E-08   0.661E-08   0.969E-04   0.000E+00   0.361E-04   0.167E-01   0.000E+00   0.167E-01
       51.0   0.190E-03   0.352E-06   0.417E-08   0.728E-08   0.407E-08   0.664E-08   0.970E-04   0.000E+00   0.364E-04   0.168E-01   0.000E+00   0.168E-01
       52.0   0.190E-03   0.358E-06   0.418E-08   0.730E-08   0.407E-08   0.667E-08   0.970E-04   0.000E+00   0.366E-04   0.170E-01   0.000E+00   0.170E-01
       53.0   0.190E-03   0.364E-06   0.418E-08   0.732E-08   0.408E-08   0.669E-08   0.971E-04   0.000E+00   0.368E-04   0.172E-01   0.000E+00   0.172E-01
       54.0   0.190E-03   0.370E-06   0.419E-08   0.734E-08   0.408E-08   0.671E-08   0.971E-04   0.000E+00   0.370E-04   0.175E-01   0.000E+00   0.175E-01
       55.0   0.190E-03   0.376E-06   0.419E-08   0.735E-08   0.408E-08   0.673E-08   0.972E-04   0.000E+00   0.372E-04   0.177E-01   0.000E+00   0.177E-01
       56.0   0.190E-03   0.381E-06   0.419E-08   0.736E-08   0.408E-08   0.674E-08   0.972E-04   0.000E+00   0.373E-04   0.179E-01   0.000E+00   0.179E-01
       57.0   0.190E-03   0.386E-06   0.418E-08   0.736E-08   0.408E-08   0.675E-08   0.972E-04   0.000E+00   0.375E-04   0.181E-01   0.000E+00   0.181E-01
       58.0   0.190E-03   0.391E-06   0.418E-08   0.737E-08   0.407E-08   0.676E-08   0.973E-04   0.000E+00   0.376E-04   0.183E-01   0.000E+00   0.183E-01
       59.0   0.190E-03   0.396E-06   0.417E-08   0.737E-08   0.407E-08   0.676E-08   0.973E-04   0.000E+00   0.377E-04   0.185E-01   0.000E+00   0.185E-01
       60.0   0.190E-03   0.400E-06   0.416E-08   0.736E-08   0.406E-08   0.677E-08   0.974E-04   0.000E+00   0.378E-04   0.187E-01   0.000E+00   0.187E-01
       61.0   0.190E-03   0.404E-06   0.415E-08   0.736E-08   0.405E-08   0.677E-08   0.974E-04   0.000E+00   0.379E-04   0.189E-01   0.000E+00   0.189E-01
       62.0   0.190E-03   0.408E-06   0.414E-08   0.735E-08   0.404E-08   0.676E-08   0.975E-04   0.000E+00   0.380E-04   0.191E-01   0.000E+00   0.191E-01
       63.0   0.190E-03   0.412E-06   0.413E-08   0.734E-08   0.402E-08   0.676E-08   0.975E-04   0.000E+00   0.381E-04   0.193E-01   0.000E+00   0.193E-01
       64.0   0.190E-03   0.416E-06   0.411E-08   0.733E-08   0.401E-08   0.675E-08   0.975E-04   0.000E+00   0.382E-04   0.195E-01   0.000E+00   0.195E-01
       65.0   0.190E-03   0.419E-06   0.409E-08   0.731E-08   0.399E-08   0.674E-08   0.976E-04   0.000E+00   0.382E-04   0.197E-01   0.000E+00   0.197E-01
       66.0   0.190E-03   0.422E-06   0.408E-08   0.730E-08   0.398E-08   0.673E-08   0.976E-04   0.000E+00   0.383E-04   0.199E-01   0.000E+00   0.199E-01
       67.0   0.190E-03   0.425E-06   0.406E-08   0.728E-08   0.396E-08   0.672E-08   0.977E-04   0.000E+00   0.383E-04   0.202E-01   0.000E+00   0.202E-01
       68.0   0.189E-03   0.427E-06   0.404E-08   0.726E-08   0.394E-08   0.671E-08   0.977E-04   0.000E+00   0.383E-04   0.204E-01   0.000E+00   0.204E-01
       69.0   0.189E-03   0.430E-06   0.402E-08   0.724E-08   0.392E-08   0.669E-08   0.978E-04   0.000E+00   0.384E-04   0.206E-01   0.000E+00   0.206E-01
       70.0   0.189E-03   0.432E-06   0.399E-08   0.722E-08   0.390E-08   0.668E-08   0.978E-04   0.000E+00   0.384E-04   0.209E-01   0.000E+00   0.209E-01
       71.0   0.189E-03   0.434E-06   0.397E-08   0.719E-08   0.387E-08   0.666E-08   0.979E-04   0.000E+00   0.384E-04   0.211E-01   0.000E+00   0.211E-01
       72.0   0.189E-03   0.436E-06   0.395E-08   0.717E-08   0.385E-08   0.664E-08   0.979E-04   0.000E+00   0.384E-04   0.213E-01   0.000E+00   0.213E-01
       73.0   0.189E-03   0.437E-06   0.392E-08   0.714E-08   0.383E-08   0.662E-08   0.980E-04   0.000E+00   0.384E-04   0.215E-01   0.000E+00   0.215E-01
       74.0   0.189E-03   0.439E-06   0.390E-08   0.712E-08   0.380E-08   0.660E-08   0.980E-04   0.000E+00   0.384E-04   0.217E-01   0.000E+00   0.217E-01
       75.0   0.189E-03   0.440E-06   0.387E-08   0.709E-08   0.378E-08   0.658E-08   0.980E-04   0.000E+00   0.384E-04   0.218E-01   0.000E+00   0.218E-01
       76.0   0.189E-03   0.441E-06   0.385E-08   0.706E-08   0.375E-08   0.656E-08   0.981E-04   0.000E+00   0.384E-04   0.220E-01   0.000E+00   0.220E-01
       77.0   0.188E-03   0.442E-06   0.382E-08   0.704E-08   0.373E-08   0.654E-08   0.981E-04   0.000E+00   0.384E-04   0.221E-01   0.000E+00   0.221E-01
       78.0   0.188E-03   0.443E-06   0.380E-08   0.701E-08   0.370E-08   0.651E-08   0.982E-04   0.000E+00   0.384E-04   0.223E-01   0.000E+00   0.223E-01
       79.0   0.188E-03   0.443E-06   0.377E-08   0.698E-08   0.368E-08   0.649E-08   0.982E-04   0.000E+00   0.383E-04   0.224E-01   0.000E+00   0.224E-01
       80.0   0.188E-03   0.444E-06   0.374E-08   0.695E-08   0.365E-08   0.647E-08   0.983E-04   0.000E+00   0.383E-04   0.225E-01   0.000E+00   0.225E-01
       81.0   0.188E-03   0.444E-06   0.372E-08   0.693E-08   0.363E-08   0.645E-08   0.983E-04   0.000E+00   0.383E-04   0.226E-01   0.000E+00   0.226E-01
       82.0   0.188E-03   0.444E-06   0.369E-08   0.690E-08   0.360E-08   0.642E-08   0.984E-04   0.000E+00   0.383E-04   0.227E-01   0.000E+00   0.227E-01
       83.0   0.188E-03   0.444E-06   0.366E-08   0.687E-08   0.357E-08   0.640E-08   0.984E-04   0.000E+00   0.383E-04   0.227E-01   0.000E+00   0.227E-01
       84.0   0.188E-03   0.444E-06   0.364E-08   0.685E-08   0.355E-08   0.638E-08   0.985E-04   0.000E+00   0.382E-04   0.228E-01   0.000E+00   0.228E-01
       85.0   0.188E-03   0.443E-06   0.361E-08   0.682E-08   0.352E-08   0.635E-08   0.985E-04   0.000E+00   0.382E-04   0.229E-01   0.000E+00   0.229E-01
       86.0   0.187E-03   0.443E-06   0.358E-08   0.680E-08   0.350E-08   0.633E-08   0.985E-04   0.000E+00   0.382E-04   0.229E-01   0.000E+00   0.229E-01
       87.0   0.187E-03   0.442E-06   0.356E-08   0.677E-08   0.347E-08   0.631E-08   0.986E-04   0.000E+00   0.382E-04   0.229E-01   0.000E+00   0.229E-01
       88.0   0.187E-03   0.441E-06   0.353E-08   0.675E-08   0.345E-08   0.629E-08   0.986E-04   0.000E+00   0.382E-04   0.229E-01   0.000E+00   0.229E-01
       89.0   0.187E-03   0.441E-06   0.351E-08   0.673E-08   0.343E-08   0.627E-08   0.987E-04   0.000E+00   0.382E-04   0.229E-01   0.000E+00   0.229E-01
       90.0   0.187E-03   0.440E-06   0.349E-08   0.670E-08   0.340E-08   0.625E-08   0.987E-04   0.000E+00   0.382E-04   0.229E-01   0.000E+00   0.229E-01
       91.0   0.187E-03   0.439E-06   0.346E-08   0.668E-08   0.338E-08   0.623E-08   0.988E-04   0.000E+00   0.381E-04   0.229E-01   0.000E+00   0.229E-01
       92.0   0.187E-03   0.438E-06   0.344E-08   0.666E-08   0.336E-08   0.621E-08   0.988E-04   0.000E+00   0.381E-04   0.229E-01   0.000E+00   0.229E-01
       93.0   0.187E-03   0.437E-06   0.342E-08   0.665E-08   0.334E-08   0.619E-08   0.989E-04   0.000E+00   0.381E-04   0.229E-01   0.000E+00   0.229E-01
       94.0   0.187E-03   0.435E-06   0.340E-08   0.663E-08   0.331E-08   0.617E-08   0.989E-04   0.000E+00   0.381E-04   0.228E-01   0.000E+00   0.228E-01
       95.0   0.187E-03   0.434E-06   0.337E-08   0.661E-08   0.329E-08   0.616E-08   0.990E-04   0.000E+00   0.381E-04   0.228E-01   0.000E+00   0.228E-01
       96.0   0.187E-03   0.432E-06   0.335E-08   0.660E-08   0.327E-08   0.614E-08   0.990E-04   0.000E+00   0.382E-04   0.227E-01   0.000E+00   0.227E-01
       97.0   0.187E-03   0.431E-06   0.333E-08   0.659E-08   0.326E-08   0.613E-08   0.991E-04   0.000E+00   0.382E-04   0.227E-01   0.000E+00   0.227E-01
       98.0   0.186E-03   0.430E-06   0.332E-08   0.657E-08   0.324E-08   0.612E-08   0.991E-04   0.000E+00   0.382E-04   0.226E-01   0.000E+00   0.226E-01
       99.0   0.186E-03   0.428E-06   0.330E-08   0.656E-08   0.322E-08   0.611E-08   0.992E-04   0.000E+00   0.382E-04   0.225E-01   0.000E+00   0.225E-01
