      0      0   0.214E+04
      0      1   0.197E+04
      0      2   0.210E+04
      0      3   0.206E+04
      0      4   0.207E+04
      0      5   0.208E+04
      0      6   0.207E+04
      0      7   0.211E+04
      0      8   0.207E+04
      0      9   0.208E+04
      0     10   0.211E+04
      0     11   0.208E+04
      0     12   0.210E+04
      0     13   0.207E+04
      0     14   0.206E+04
      0     15   0.197E+04
      0     16   0.201E+04
      0     17   0.207E+04
      0     18   0.207E+04
      0     19   0.211E+04
        41395   gclr
      1      0   0.204E+04
      1      1   0.213E+04
      1      2   0.206E+04
      1      3   0.205E+04
      1      4   0.204E+04
      1      5   0.204E+04
      1      6   0.208E+04
      1      7   0.208E+04
      1      8   0.206E+04
      1      9   0.213E+04
      1     10   0.203E+04
      1     11   0.205E+04
      1     12   0.210E+04
      1     13   0.200E+04
      1     14   0.206E+04
      1     15   0.201E+04
      1     16   0.205E+04
      1     17   0.201E+04
      1     18   0.204E+04
      1     19   0.207E+04
        41130   gclr
      2      0   0.197E+04
      2      1   0.197E+04
      2      2   0.201E+04
      2      3   0.197E+04
      2      4   0.202E+04
      2      5   0.201E+04
      2      6   0.196E+04
      2      7   0.201E+04
      2      8   0.199E+04
      2      9   0.202E+04
      2     10   0.195E+04
      2     11   0.201E+04
      2     12   0.199E+04
      2     13   0.199E+04
      2     14   0.196E+04
      2     15   0.205E+04
      2     16   0.203E+04
      2     17   0.204E+04
      2     18   0.200E+04
      2     19   0.202E+04
        39993   gclr
      3      0   0.193E+04
      3      1   0.198E+04
      3      2   0.189E+04
      3      3   0.197E+04
      3      4   0.193E+04
      3      5   0.191E+04
      3      6   0.191E+04
      3      7   0.197E+04
      3      8   0.190E+04
      3      9   0.196E+04
      3     10   0.195E+04
      3     11   0.198E+04
      3     12   0.194E+04
      3     13   0.191E+04
      3     14   0.192E+04
      3     15   0.192E+04
      3     16   0.199E+04
      3     17   0.199E+04
      3     18   0.196E+04
      3     19   0.193E+04
        38823   gclr
